RESONANCES
-44.0000000 55.0000000 199.911000                       0 0 0     2
-11.7000000 55.0000000 20.6857000                       0 0 0     1
4.280000000 53.0000000 3.20000000                       0 0 0     2
10.36000000 64.9999000 4.00000000                       0 0 0     1
13.95000000 54.0000000 1.01333000                       0 0 0     2
20.29000000 52.0000000 1.09714000                       0 0 0     1
22.72000000 60.0000000 .240000000                       0 0 0     1
23.92000000 62.0000000 5.15555000                       0 0 0     2
30.02000000 55.0000000 .320000000                       0 0 0     1
34.19000000 60.0000000 .168900000                       0 0 0     2
35.14000000 68.9999000 18.2857000                       0 0 0     1
35.90000000 64.9999000 14.2222000                       0 0 0     2
39.12000000 60.0000000 44.2666000                       0 0 0     2
49.13000000 54.0000000 1.20000000                       0 0 0     1
57.53000000 55.0000000 .248900000                       0 0 0     2
59.05000000 55.0000000 .115600000                       0 0 0     2
63.11000000 63.9999000 4.80000000                       0 0 0     2
76.85000000 49.0000000 10.6667000                       0 0 0     2
77.61000000 56.0000000 4.44444000                       0 0 0     2
78.95000000 55.0000000 1.94286000                       0 0 0     1
82.92000000 48.0000000 12.4444000                       0 0 0     2
85.10000000 58.0000000 4.91428000                       0 0 0     1
85.60000000 55.0000000 .266700000                       0 0 0     2
89.58000000 51.0000000 3.88571000                       0 0 0     1
91.40000000 55.0000000 2.62857000                       0 0 0     1
96.98000000 55.0000000 3.37800000                       0 0 0     2
99.20000000 50.0000000 139.428000                       0 0 0     1
103.4800000 55.0000000 1.04000000                       0 0 0     1
105.5300000 50.0000000 34.2857000                       0 0 0     1
115.0800000 57.0000000 39.5555000                       0 0 0     2
118.3000000 55.0000000 2.74300000                       0 0 0     1
126.4600000 54.0000000 50.2857000                       0 0 0     1
136.4500000 47.0000000 21.3333000                       0 0 0     2
138.3800000 66.0000000 11.5555000                       0 0 0     2
144.2400000 55.0000000 20.5714000                       0 0 0     1
148.3500000 55.0000000 4.08900000                       0 0 0     2
149.8000000 55.0000000 6.62900000                       0 0 0     1
157.2000000 55.0000000 .068570000                       0 0 0     1
159.8000000 55.0000000 .266700000                       0 0 0     2
166.4000000 55.0000000 7.55555000                       0 0 0     2
174.9000000 55.0000000 96.0000000                       0 0 0     2
175.7300000 55.0000000 39.1100000                       0 0 0     2
178.5000000 55.0000000 1.15600000                       0 0 0     2
182.6000000 55.0000000 .902900000                       0 0 0     1
185.5000000 55.0000000 .497800000                       0 0 0     2
189.2500000 55.0000000 .560000000                       0 0 0     2
194.8000000 55.0000000 99.5555000                       0 0 0     2
200.0000000 63.0000000 31.4285000                       0 0 0     1
204.6700000 64.9999000 2.75400000                       0 0 0     1
208.4800000 64.9999000 9.42200000                       0 0 0     2
215.0900000 64.9999000 48.2700000                       0 0 0     2
216.6000000 64.9999000 19.3900000                       0 0 0     1
219.8100000 64.9999000 12.8800000                       0 0 0     2
222.2900000 64.9999000 2.43600000                       0 0 0     2
225.1500000 64.9999000 20.5700000                       0 0 0     2
230.6200000 64.9999000 22.4200000                       0 0 0     2
232.2600000 64.9999000 40.1700000                       0 0 0     2
237.3100000 64.9999000 1.34900000                       0 0 0     1
242.6400000 64.9999000 8.93700000                       0 0 0     1
247.1700000 64.9999000 4.76400000                       0 0 0     2
248.3000000 64.9999000 2.17100000                       0 0 0     1
253.1600000 64.9999000 .137100000                       0 0 0     1
259.1800000 64.9999000 14.7400000                       0 0 0     1
263.2100000 64.9999000 55.5400000                       0 0 0     1
264.6000000 64.9999000 11.5500000                       0 0 0     1
271.7400000 64.9999000 9.44000000                       0 0 0     2
273.7400000 64.9999000 97.9400000                       0 0 0     1
277.2400000 64.9999000 34.5100000                       0 0 0     1
280.3000000 64.9999000 21.7100000                       0 0 0     1
287.6400000 64.9999000 18.9300000                       0 0 0     2
290.2800000 64.9999000 18.0600000                       0 0 0     1
291.1600000 64.9999000 10.3100000                       0 0 0     2
304.0700000 64.9999000 41.9500000                       0 0 0     2
306.1500000 64.9999000 19.7300000                       0 0 0     2
311.6500000 64.9999000 13.0900000                       0 0 0     2
313.1200000 64.9999000 49.1600000                       0 0 0     2
322.8100000 64.9999000 5.70300000                       0 0 0     1
328.0500000 64.9999000 4.78200000                       0 0 0     2
329.3000000 64.9999000 39.5600000                       0 0 0     2
341.4400000 64.9999000 4.73800000                       0 0 0     2
344.4700000 64.9999000 22.7600000                       0 0 0     2
346.6500000 64.9999000 15.5600000                       0 0 0     2
349.1100000 64.9999000 32.5700000                       0 0 0     1
354.1500000 64.9999000 28.3600000                       0 0 0     2
357.3200000 64.9999000 4.08000000                       0 0 0     1
370.1900000 64.9999000 32.8000000                       0 0 0     2
378.3300000 64.9999000 8.80000000                       0 0 0     2
379.3400000 64.9999000 5.06700000                       0 0 0     2
382.0000000 64.9999000 .231100000                       0 0 0     2
388.8000000 64.9999000 21.8300000                       0 0 0     1
396.5000000 64.9999000 10.6700000                       0 0 0     2
397.5000000 64.9999000 31.9100000                       0 0 0     2
410.1200000 64.9999000 97.1400000                       0 0 0     1
416.2200000 64.9999000 82.2900000                       0 0 0     1
417.0400000 64.9999000 39.1100000                       0 0 0     2
419.9100000 64.9999000 1.06700000                       0 0 0     2
421.9500000 64.9999000 2.74300000                       0 0 0     1
429.0900000 64.9999000 7.08600000                       0 0 0     1
434.3900000 64.9999000 20.2700000                       0 0 0     2
439.4300000 64.9999000 63.0900000                       0 0 0     1
443.5100000 64.9999000 19.5600000                       0 0 0     2
444.3400000 64.9999000 47.1100000                       0 0 0     2
446.3100000 64.9999000 59.4300000                       0 0 0     1
449.7900000 64.9999000 8.08900000                       0 0 0     2
461.6000000 64.9999000 54.5100000                       0 0 0     1
465.2900000 64.9999000 6.98300000                       0 0 0     1
467.8300000 64.9999000 84.8000000                       0 0 0     2
471.7000000 64.9999000 36.8900000                       0 0 0     2
473.4700000 64.9999000 18.4600000                       0 0 0     1
482.3900000 64.9999000 15.2000000                       0 0 0     2
483.6500000 64.9999000 10.0600000                       0 0 0     1
490.2300000 64.9999000 36.7100000                       0 0 0     2
494.0000000 64.9999000 11.3100000                       0 0 0     1
495.4800000 64.9999000 7.20000000                       0 0 0     2
497.6700000 64.9999000 .773300000                       0 0 0     2
500.1700000 64.9999000 3.68000000                       0 0 0     1
502.1100000 64.9999000 66.2700000                       0 0 0     1
519.3300000 64.9999000 15.1600000                       0 0 0     2
522.8200000 64.9999000 90.4000000                       0 0 0     2
524.5700000 64.9999000 8.23100000                       0 0 0     2
527.5100000 64.9999000 82.3100000                       0 0 0     2
533.8800000 64.9999000 73.1400000                       0 0 0     1
536.2600000 64.9999000 13.4100000                       0 0 0     2
542.5200000 64.9999000 37.2400000                       0 0 0     2
549.0300000 64.9999000 19.7400000                       0 0 0     1
554.3200000 64.9999000 4.64900000                       0 0 0     2
556.5400000 64.9999000 5.71400000                       0 0 0     1
557.1000000 64.9999000 49.2600000                       0 0 0     1
561.2300000 64.9999000 1.78300000                       0 0 0     1
567.1500000 64.9999000 3.60000000                       0 0 0     2
569.4900000 64.9999000 46.2200000                       0 0 0     2
576.2600000 64.9999000 4.11600000                       0 0 0     2
588.6000000 64.9999000 .693300000                       0 0 0     2
591.6200000 64.9999000 44.1800000                       0 0 0     2
596.0700000 64.9999000 12.0000000                       0 0 0     2
596.5700000 64.9999000 384.900000                       0 0 0     2
606.0700000 64.9999000 7.34200000                       0 0 0     2
608.8900000 64.9999000 37.0300000                       0 0 0     1
617.6500000 64.9999000 55.4700000                       0 0 0     2
624.4200000 64.9999000 28.6200000                       0 0 0     2
625.8900000 64.9999000 14.5800000                       0 0 0     2
626.6300000 64.9999000 98.2900000                       0 0 0     1
628.6900000 64.9999000 1.63400000                       0 0 0     1
636.2900000 64.9999000 4.53300000                       0 0 0     2
642.6900000 64.9999000 1.29100000                       0 0 0     1
645.1100000 64.9999000 7.16400000                       0 0 0     2
647.7500000 64.9999000 88.1100000                       0 0 0     1
650.7800000 64.9999000 22.2200000                       0 0 0     2
651.5600000 64.9999000 56.2700000                       0 0 0     2
658.2900000 64.9999000 11.6700000                       0 0 0     1
666.9400000 64.9999000 10.8300000                       0 0 0     1
668.6200000 64.9999000 6.69700000                       0 0 0     1
675.1100000 64.9999000 2.18700000                       0 0 0     2
678.2200000 64.9999000 9.33300000                       0 0 0     2
680.9300000 64.9999000 57.8300000                       0 0 0     1
696.3200000 64.9999000 60.6900000                       0 0 0     1
700.1500000 64.9999000 1.93100000                       0 0 0     1
702.8500000 64.9999000 24.1500000                       0 0 0     1
706.8400000 64.9999000 103.900000                       0 0 0     2
710.5300000 64.9999000 9.01700000                       0 0 0     1
716.2800000 64.9999000 118.900000                       0 0 0     1
729.2200000 64.9999000 1.77800000                       0 0 0     2
729.5800000 64.9999000 22.8600000                       0 0 0     1
732.2000000 64.9999000 180.200000                       0 0 0     1
735.9900000 64.9999000 33.9600000                       0 0 0     2
739.5200000 64.9999000 112.500000                       0 0 0     1
747.5700000 64.9999000 70.1700000                       0 0 0     1
752.5400000 64.9999000 .640000000                       0 0 0     2
756.1300000 64.9999000 4.13700000                       0 0 0     1
757.8100000 64.9999000 57.1600000                       0 0 0     2
760.6900000 64.9999000 19.9300000                       0 0 0     1
769.3900000 64.9999000 6.48000000                       0 0 0     2
776.8500000 64.9999000 23.4300000                       0 0 0     1
777.2500000 64.9999000 34.8400000                       0 0 0     2
782.7900000 64.9999000 1.64400000                       0 0 0     2
789.4700000 64.9999000 59.8400000                       0 0 0     1
797.9000000 64.9999000 39.0900000                       0 0 0     1
801.1800000 64.9999000 .773300000                       0 0 0     2
802.4700000 64.9999000 .137100000                       0 0 0     1
805.4400000 64.9999000 3.42200000                       0 0 0     2
807.4100000 64.9999000 .088890000                       0 0 0     2
808.5100000 64.9999000 54.5800000                       0 0 0     2
813.3800000 64.9999000 111.300000                       0 0 0     2
815.9900000 64.9999000 1.75100000                       0 0 0     2
817.1600000 64.9999000 1.91100000                       0 0 0     2
821.1800000 64.9999000 130.400000                       0 0 0     1
825.8000000 64.9999000 14.4900000                       0 0 0     2
830.8300000 64.9999000 2.28600000                       0 0 0     1
833.5300000 64.9999000 48.5300000                       0 0 0     2
846.1900000 64.9999000 22.4000000                       0 0 0     1
847.3600000 64.9999000 22.8600000                       0 0 0     1
852.8400000 64.9999000 55.4300000                       0 0 0     1
855.5500000 64.9999000 .648900000                       0 0 0     2
862.0400000 64.9999000 .377100000                       0 0 0     1
870.2200000 64.9999000 9.86700000                       0 0 0     2
871.1300000 64.9999000 14.8600000                       0 0 0     1
874.4000000 64.9999000 51.2000000                       0 0 0     2
879.2800000 64.9999000 48.2700000                       0 0 0     2
881.3100000 64.9999000 17.1700000                       0 0 0     1
887.0800000 64.9999000 2.82700000                       0 0 0     2
888.8700000 64.9999000 10.0100000                       0 0 0     1
895.1200000 64.9999000 44.7100000                       0 0 0     2
897.2700000 64.9999000 26.9300000                       0 0 0     2
907.2400000 64.9999000 3.91100000                       0 0 0     2
908.9400000 64.9999000 94.4000000                       0 0 0     1
910.3700000 64.9999000 5.37100000                       0 0 0     1
913.1900000 64.9999000 120.000000                       0 0 0     1
915.8500000 64.9999000 38.0400000                       0 0 0     2
919.7000000 64.9999000 58.2900000                       0 0 0     1
925.9800000 64.9999000 75.0900000                       0 0 0     1
930.1500000 64.9999000 172.000000                       0 0 0     1
932.0300000 64.9999000 91.3100000                       0 0 0     1
937.1500000 64.9999000 8.08900000                       0 0 0     2
942.3700000 64.9999000 192.100000                       0 0 0     1
945.6100000 64.9999000 260.800000                       0 0 0     1
947.9100000 64.9999000 128.500000                       0 0 0     2
952.5600000 64.9999000 23.3800000                       0 0 0     2
956.4300000 64.9999000 4.92600000                       0 0 0     1
965.3700000 64.9999000 44.3400000                       0 0 0     1
966.7100000 64.9999000 71.4300000                       0 0 0     1
968.9100000 64.9999000 31.2000000                       0 0 0     2
974.0500000 64.9999000 73.9400000                       0 0 0     1
982.8500000 64.9999000 29.8700000                       0 0 0     2
983.7300000 64.9999000 33.6000000                       0 0 0     1
986.3600000 64.9999000 1.26200000                       0 0 0     2
989.3300000 64.9999000 9.37100000                       0 0 0     1
994.0700000 64.9999000 30.4000000                       0 0 0     1
996.4900000 64.9999000 59.5400000                       0 0 0     1
1002.100000 64.9999000 59.2000000                       0 0 0     2
1006.700000 64.9999000 9.95600000                       0 0 0     2
1016.300000 64.9999000 40.6200000                       0 0 0     2
1019.200000 64.9999000 46.0400000                       0 0 0     2
1026.000000 64.9999000 13.5100000                       0 0 0     2
1031.400000 64.9999000 17.0300000                       0 0 0     1
1033.800000 64.9999000 53.1400000                       0 0 0     1
1036.000000 64.9999000 380.300000                       0 0 0     1
1043.400000 64.9999000 75.5600000                       0 0 0     2
1043.800000 64.9999000 63.2000000                       0 0 0     2
1056.200000 64.9999000 40.0000000                       0 0 0     1
1064.000000 64.9999000 71.6600000                       0 0 0     1
1071.700000 64.9999000 246.900000                       0 0 0     1
1073.700000 64.9999000 39.9100000                       0 0 0     2
1078.700000 64.9999000 18.5500000                       0 0 0     1
1080.600000 64.9999000 100.300000                       0 0 0     2
1082.600000 64.9999000 58.0600000                       0 0 0     1
1090.900000 64.9999000 188.700000                       0 0 0     1
1094.000000 64.9999000 37.4900000                       0 0 0     1
1097.300000 64.9999000 89.3300000                       0 0 0     2
1103.900000 64.9999000 5.24400000                       0 0 0     2
1105.800000 64.9999000 1.25700000                       0 0 0     1
1113.100000 64.9999000 49.2600000                       0 0 0     1
1119.700000 64.9999000 11.0900000                       0 0 0     1
1131.300000 64.9999000 107.400000                       0 0 0     1
1132.200000 64.9999000 64.8900000                       0 0 0     2
1138.900000 64.9999000 12.1800000                       0 0 0     2
1145.400000 64.9999000 120.600000                       0 0 0     1
1151.000000 64.9999000 98.6700000                       0 0 0     2
1157.500000 64.9999000 65.1400000                       0 0 0     1
1165.600000 64.9999000 85.9600000                       0 0 0     2
1175.500000 64.9999000 143.000000                       0 0 0     2
1178.500000 64.9999000 209.800000                       0 0 0     2
1180.400000 64.9999000 29.2600000                       0 0 0     1
1192.000000 64.9999000 597.300000                       0 0 0     2
1204.200000 64.9999000 24.6900000                       0 0 0     1
1209.000000 64.9999000 26.1700000                       0 0 0     1
1212.300000 64.9999000 21.7100000                       0 0 0     1
1216.700000 64.9999000 2.62900000                       0 0 0     1
1219.200000 64.9999000 27.4700000                       0 0 0     2
1221.000000 64.9999000 12.1100000                       0 0 0     1
1227.200000 64.9999000 117.700000                       0 0 0     1
1233.200000 64.9999000 6.85700000                       0 0 0     1
1238.200000 64.9999000 1.68900000                       0 0 0     2
1240.400000 64.9999000 13.2400000                       0 0 0     2
1246.800000 64.9999000 72.8000000                       0 0 0     1
1248.400000 64.9999000 59.7700000                       0 0 0     1
1252.100000 64.9999000 2.05300000                       0 0 0     2
1259.800000 64.9999000 73.3700000                       0 0 0     1
1263.600000 64.9999000 36.0000000                       0 0 0     1
1268.400000 64.9999000 6.40000000                       0 0 0     2
1276.300000 64.9999000 81.7100000                       0 0 0     1
1280.800000 64.9999000 4.35400000                       0 0 0     1
1283.700000 64.9999000 13.1600000                       0 0 0     2
1287.300000 64.9999000 15.3100000                       0 0 0     1
1292.000000 64.9999000 15.2900000                       0 0 0     2
1293.800000 64.9999000 59.8900000                       0 0 0     1
1300.200000 64.9999000 142.900000                       0 0 0     1
1307.700000 64.9999000 16.0000000                       0 0 0     1
1311.100000 64.9999000 3.11100000                       0 0 0     2
1313.200000 64.9999000 66.6700000                       0 0 0     2
1317.600000 64.9999000 73.1400000                       0 0 0     1
1324.100000 64.9999000 10.4000000                       0 0 0     1
1328.400000 64.9999000 20.8900000                       0 0 0     2
1329.300000 64.9999000 145.100000                       0 0 0     1
1332.700000 64.9999000 176.000000                       0 0 0     1
1334.000000 64.9999000 25.1400000                       0 0 0     1
1335.800000 64.9999000 83.4300000                       0 0 0     1
1342.800000 64.9999000 4.71100000                       0 0 0     2
1350.200000 64.9999000 3.42900000                       0 0 0     1
1352.700000 64.9999000 10.4900000                       0 0 0     2
1360.000000 64.9999000 5.33300000                       0 0 0     2
1361.200000 64.9999000 83.4300000                       0 0 0     1
1362.900000 64.9999000 89.7800000                       0 0 0     2
1363.200000 64.9999000 2.93300000                       0 0 0     2
1364.500000 64.9999000 80.0000000                       0 0 0     2
1372.600000 64.9999000 16.1800000                       0 0 0     2
1377.400000 64.9999000 83.4300000                       0 0 0     1
1378.700000 64.9999000 19.4300000                       0 0 0     1
1388.600000 64.9999000 31.9100000                       0 0 0     2
1391.800000 64.9999000 121.100000                       0 0 0     2
1398.800000 64.9999000 154.200000                       0 0 0     2
1410.000000 75.0000000 16.2300000                       0 0 0     1
1417.800000 75.0000000 13.4200000                       0 0 0     2
1427.200000 75.0000000 16.3400000                       0 0 0     1
1431.400000 75.0000000 95.2000000                       0 0 0     2
1438.100000 75.0000000 1.82900000                       0 0 0     1
1441.300000 75.0000000 4.80000000                       0 0 0     2
1444.300000 75.0000000 18.8600000                       0 0 0     1
1451.200000 75.0000000 67.4300000                       0 0 0     1
1455.800000 75.0000000 17.6900000                       0 0 0     2
1464.200000 75.0000000 2.48900000                       0 0 0     2
1466.000000 75.0000000 8.17800000                       0 0 0     2
1469.200000 75.0000000 12.8000000                       0 0 0     1
1471.500000 75.0000000 4.34300000                       0 0 0     1
1474.000000 75.0000000 1.71400000                       0 0 0     1
1475.700000 75.0000000 140.200000                       0 0 0     1
1487.800000 75.0000000 4.57100000                       0 0 0     1
1490.800000 75.0000000 6.66700000                       0 0 0     2
1494.800000 75.0000000 2.31100000                       0 0 0     2
1502.200000 75.0000000 53.7100000                       0 0 0     1
1503.200000 75.0000000 .800000000                       0 0 0     1
1504.800000 75.0000000 1.77800000                       0 0 0     2
1508.400000 75.0000000 4.91400000                       0 0 0     1
1518.200000 75.0000000 157.300000                       0 0 0     1
1520.500000 75.0000000 79.5600000                       0 0 0     2
1523.500000 75.0000000 208.900000                       0 0 0     2
1525.300000 75.0000000 22.7400000                       0 0 0     1
1532.100000 75.0000000 64.4600000                       0 0 0     1
1537.800000 75.0000000 12.8000000                       0 0 0     2
1541.600000 75.0000000 14.1700000                       0 0 0     1
1555.300000 75.0000000 66.2900000                       0 0 0     1
1556.500000 75.0000000 160.000000                       0 0 0     1
1565.800000 75.0000000 122.900000                       0 0 0     1
1571.700000 75.0000000 4.44400000                       0 0 0     2
1577.200000 75.0000000 8.68600000                       0 0 0     1
1579.800000 75.0000000 44.5700000                       0 0 0     1
1585.700000 75.0000000 83.5600000                       0 0 0     2
1586.900000 75.0000000 39.1100000                       0 0 0     2
1591.800000 75.0000000 35.2000000                       0 0 0     1
1602.800000 75.0000000 9.77800000                       0 0 0     2
1603.300000 75.0000000 138.300000                       0 0 0     1
1608.300000 75.0000000 83.0200000                       0 0 0     2
1615.400000 75.0000000 13.8700000                       0 0 0     2
1617.200000 75.0000000 78.3100000                       0 0 0     2
1623.600000 75.0000000 53.6900000                       0 0 0     2
1625.600000 75.0000000 33.3700000                       0 0 0     1
1630.600000 75.0000000 16.0900000                       0 0 0     2
1637.600000 75.0000000 12.9100000                       0 0 0     1
1648.900000 75.0000000 93.0700000                       0 0 0     2
1650.600000 75.0000000 15.0900000                       0 0 0     1
1652.700000 75.0000000 40.9800000                       0 0 0     2
1655.600000 75.0000000 77.1600000                       0 0 0     2
1656.600000 75.0000000 35.3800000                       0 0 0     2
1671.000000 75.0000000 58.1300000                       0 0 0     2
1674.100000 75.0000000 66.4000000                       0 0 0     1
1678.600000 75.0000000 129.100000                       0 0 0     1
1681.500000 75.0000000 9.51100000                       0 0 0     2
1693.000000 75.0000000 46.1300000                       0 0 0     2
1697.500000 75.0000000 321.100000                       0 0 0     1
1699.500000 75.0000000 49.9600000                       0 0 0     2
1701.800000 75.0000000 7.20000000                       0 0 0     1
1704.800000 75.0000000 12.8000000                       0 0 0     2
1713.800000 75.0000000 45.7800000                       0 0 0     2
1720.900000 75.0000000 74.2900000                       0 0 0     1
1728.900000 75.0000000 3.88600000                       0 0 0     1
1733.200000 75.0000000 146.400000                       0 0 0     1
1735.100000 75.0000000 151.100000                       0 0 0     2
1736.800000 75.0000000 120.900000                       0 0 0     2
1742.400000 75.0000000 94.2200000                       0 0 0     2
1743.900000 75.0000000 37.5100000                       0 0 0     2
1751.700000 75.0000000 97.6000000                       0 0 0     2
1767.800000 75.0000000 42.3100000                       0 0 0     2
1770.800000 75.0000000 41.2600000                       0 0 0     1
1776.100000 75.0000000 1.94300000                       0 0 0     1
1785.100000 75.0000000 15.4700000                       0 0 0     2
1793.600000 75.0000000 19.3800000                       0 0 0     2
1797.100000 75.0000000 9.33300000                       0 0 0     2
1801.700000 75.0000000 79.0200000                       0 0 0     2
1810.500000 75.0000000 4.44400000                       0 0 0     2
1811.500000 75.0000000 21.7100000                       0 0 0     1
1822.400000 75.0000000 10.5800000                       0 0 0     2
1830.600000 75.0000000 9.15600000                       0 0 0     2
1839.300000 75.0000000 19.3800000                       0 0 0     2
1843.400000 75.0000000 41.9600000                       0 0 0     2
1845.000000 75.0000000 23.6400000                       0 0 0     2
1848.400000 75.0000000 9.37100000                       0 0 0     1
1853.900000 75.0000000 79.1100000                       0 0 0     2
1855.200000 75.0000000 8.88900000                       0 0 0     2
1855.300000 75.0000000 21.7100000                       0 0 0     1
1866.000000 75.0000000 95.2000000                       0 0 0     1
1876.700000 75.0000000 139.300000                       0 0 0     1
1887.300000 75.0000000 133.700000                       0 0 0     1
1891.200000 75.0000000 58.7600000                       0 0 0     2
1892.800000 75.0000000 10.7600000                       0 0 0     2
1902.600000 75.0000000 30.4000000                       0 0 0     2
1910.500000 75.0000000 10.2900000                       0 0 0     1
1917.100000 75.0000000 1.42200000                       0 0 0     2
1929.100000 75.0000000 69.7800000                       0 0 0     2
1934.000000 75.0000000 98.6300000                       0 0 0     1
1936.800000 75.0000000 12.9800000                       0 0 0     2
1941.900000 75.0000000 31.1100000                       0 0 0     2
1943.300000 75.0000000 7.77100000                       0 0 0     1
1945.000000 75.0000000 36.1100000                       0 0 0     1
1959.800000 75.0000000 15.0900000                       0 0 0     1
1964.900000 75.0000000 30.9300000                       0 0 0     2
1970.200000 75.0000000 6.22200000                       0 0 0     2
1970.900000 75.0000000 22.2200000                       0 0 0     2
1982.700000 75.0000000 9.63400000                       0 0 0     1
1989.700000 75.0000000 23.2000000                       0 0 0     1
1997.300000 75.0000000 24.9100000                       0 0 0     1
1999.200000 75.0000000 67.1100000                       0 0 0     2
2002.000000 75.0000000 29.6900000                       0 0 0     2
2005.400000 75.0000000 18.7400000                       0 0 0     1
2015.100000 75.0000000 135.500000                       0 0 0     1
2016.900000 75.0000000 79.5400000                       0 0 0     1
2018.800000 75.0000000 90.6700000                       0 0 0     2
2021.100000 75.0000000 93.3700000                       0 0 0     1
2023.900000 75.0000000 49.6900000                       0 0 0     2
2033.300000 75.0000000 4.77700000                       0 0 0     1
2038.000000 75.0000000 64.0900000                       0 0 0     2
2039.200000 75.0000000 22.4000000                       0 0 0     2
2056.800000 75.0000000 50.9700000                       0 0 0     1
2062.800000 75.0000000 72.3400000                       0 0 0     1
2069.300000 75.0000000 15.4700000                       0 0 0     2
2071.800000 75.0000000 10.5800000                       0 0 0     2
2085.000000 75.0000000 16.6200000                       0 0 0     2
2087.400000 75.0000000 142.100000                       0 0 0     1
2089.600000 75.0000000 29.1600000                       0 0 0     2
2092.600000 75.0000000 4.11400000                       0 0 0     1
2095.100000 75.0000000 32.0000000                       0 0 0     1
2099.100000 75.0000000 25.3300000                       0 0 0     2
2109.500000 75.0000000 39.1100000                       0 0 0     2
2113.900000 75.0000000 2.66700000                       0 0 0     2
2123.100000 75.0000000 69.0300000                       0 0 0     1
2132.500000 75.0000000 180.600000                       0 0 0     1
2134.500000 75.0000000 82.8600000                       0 0 0     1
2148.100000 75.0000000 78.8600000                       0 0 0     1
2152.200000 75.0000000 214.200000                       0 0 0     2
2154.400000 75.0000000 44.9800000                       0 0 0     2
2166.900000 75.0000000 57.2600000                       0 0 0     1
2169.500000 75.0000000 66.4000000                       0 0 0     1
2186.600000 75.0000000 84.6900000                       0 0 0     1
2192.000000 75.0000000 108.300000                       0 0 0     1
2194.500000 75.0000000 299.600000                       0 0 0     2
2199.400000 75.0000000 53.1400000                       0 0 0     1
2210.100000 75.0000000 144.500000                       0 0 0     2
2220.100000 75.0000000 60.5700000                       0 0 0     1
2225.500000 75.0000000 8.34300000                       0 0 0     1
2235.900000 75.0000000 96.2300000                       0 0 0     1
2239.500000 75.0000000 67.0200000                       0 0 0     2
2241.900000 75.0000000 78.6700000                       0 0 0     2
2254.900000 75.0000000 18.0400000                       0 0 0     2
2262.000000 75.0000000 27.5600000                       0 0 0     2
2269.900000 75.0000000 12.3600000                       0 0 0     2
2274.000000 75.0000000 8.35600000                       0 0 0     2
2280.100000 75.0000000 54.7400000                       0 0 0     1
2282.700000 75.0000000 74.7600000                       0 0 0     2
2291.100000 75.0000000 66.0600000                       0 0 0     1
2293.500000 75.0000000 123.000000                       0 0 0     1
2299.400000 75.0000000 24.8900000                       0 0 0     2
2307.900000 75.0000000 42.8400000                       0 0 0     2
2321.700000 75.0000000 123.400000                       0 0 0     1
2324.100000 75.0000000 406.200000                       0 0 0     2
2328.300000 75.0000000 125.300000                       0 0 0     2
2335.400000 75.0000000 73.3700000                       0 0 0     1
2345.100000 75.0000000 113.800000                       0 0 0     2
2348.200000 75.0000000 83.1100000                       0 0 0     2
2350.900000 75.0000000 17.6000000                       0 0 0     2
2357.300000 75.0000000 43.9100000                       0 0 0     2
2366.000000 75.0000000 49.2400000                       0 0 0     2
2370.600000 75.0000000 14.2200000                       0 0 0     2
2376.900000 75.0000000 37.3300000                       0 0 0     2
2391.500000 75.0000000 140.100000                       0 0 0     2
2393.700000 75.0000000 48.0000000                       0 0 0     2
2401.600000 75.0000000 324.400000                       0 0 0     2
2407.400000 75.0000000 30.7600000                       0 0 0     2
2418.600000 75.0000000 14.4000000                       0 0 0     2
2432.400000 75.0000000 17.6000000                       0 0 0     2
2441.500000 75.0000000 12.1800000                       0 0 0     2
2453.300000 75.0000000 114.700000                       0 0 0     2
2472.400000 75.0000000 4.80000000                       0 0 0     2
2477.700000 75.0000000 58.6700000                       0 0 0     2
2479.700000 75.0000000 51.5600000                       0 0 0     2
2486.500000 75.0000000 75.1100000                       0 0 0     2
2495.800000 75.0000000 135.100000                       0 0 0     2
2502.800000 75.0000000 18.1300000                       0 0 0     2
2512.700000 75.0000000 15.2900000                       0 0 0     2
2521.000000 75.0000000 195.400000                       0 0 0     2
2526.000000 75.0000000 101.800000                       0 0 0     2
2532.900000 75.0000000 55.2000000                       0 0 0     2
2546.200000 75.0000000 34.1300000                       0 0 0     2